6668112
6666944
6667624
6667136
6667376
6666672
6667680
6667160
6667248
6667184
6667032
6666808
6668192
6666888
6667080
6666952
6667944
6666672
6667032
6667888
6667408
6667080
6666568
6667944
6666512
6667736
6667216
6667000
6667080
6668000
6666832
6667680
6667408
6667024
6667000
6666864
6667376
6667080
6667544
6667136
6667760
6667216
6666728
6667704
6666752
6667352
6667296
6667600
6667376
6666704
6667536
6667080
6667432
6667000
6666920
6668056
6666352
6668136
6666408
6668104
6667272
6666728
6667544
6666920
6666864
6667264
6667568
6667384
6667480
6666656
6667104
6667568
6667192
6667728
6667320
6667136
6666760
6667024
6668000
6667056
6667000
6667456
6667008
6667912
6667032
6667056
6666832
6667136
6667216
6668056
6666784
6667296
6667760
6666456
6667672
6667408
6667408
6667216
6666568
6667784
6667352
6667000
6667320
6667248
6667000
6667000
6667752
6667192
6667488
6666568
6667672
6667328
6666920
6667832
6667136
6667080
6666648
6667384
6667456
6667272
6667296
6666840
6667184
6667816
6667080
6667568
6666456
6667976
6666568
6667944
6666488
6667296
6668080
6666432
6668056
6666976
6666672
6667272
6667272
6667832
6666952
6667104
6667000
6667568
6667328
6667704
6666648
6667784
6667216
6667080
6666920
6667864
6666480
6667840
6666512
6668136
6666816
6666888
6667296
6668000
6666520
6667992
6666488
6667192
6667624
6667400
6666624
6667192
6667968
6667384
6666456
6667944
6666728
6667544
6667408
6667024
6667568
6666920
6667024
6667032
6667864
6666784
6667160
6667976
6666512
6667672
6666920
6667272
6667272
6667296
6667272
6667752
6667248
6667104
6667192
6667352
6667296
6666944
6667080
6667032
6667240
6667728
6666704
6667160
6667952
6667160
6667488
6667216
6666808
6667248
6667104
6667024
6667328
6667136
6667512
6667056
6667920
6667160
6666944
6667032
6667864
6666944
6666920
6667160
6667728
6667624
6666840
6667480
6666488
6668032
6666888
6667544
6666592
6667840
6666616
6667840
6667384
6666776
6667568
6667384
6667320
6667112
6667080
6667512
6667000
6666944
6667520
6667592
6666968
6666792
6667696
6666784
6667728
6667088
6667184
6667248
6666944
6667624
6667184
6666976
6667944
6667272
6666704
6667592
6666704
6667624
6667432
6666944
6666888
6667976
6666432
6668136
6666944
6667568
6667080
6666952
6667104
6667864
6666512
6667896
6666432
6668160
6667056
6666512
6667488
6667920
6666592
6667024
6668032
6667136
6667024
6667512
6667296
6666624
6667784
6667216
6667408
6666752
6667248
6667488
6667216
6667536
6666920
6667328
6666832
6667896
6667104
6667000
6667648
6667272
6666296
6667680
6667728
6667080
6667384
6666536
6667464
6666912
6667192
6667648
6667352
6666784
6668160
6667032
6666968
6667000
6667512
6667440
6667104
6666704
6667320
6667432
6667464
6667488
6667216
6667512
6666352
6667432
6667192
6667864
6666832
6667304
6666808
6667976
6666944
6667160
6667648
6667328
6667024
6666784
6667944
6666488
6667728
6667000
6667544
6666864
6667376
6667080
6667112
6667864
6666704
6667944
6667192
6667352
6666728
6667216
6667056
6667104
6667408
6667408
6667024
6667672
6667328
6666944
6667784
6666544
6667784
6667432
6666456
6667512
6667624
6666944
6667432
6666544
6667568
6667840
6667240
6666784
6667648
6666808
6667112
6667056
6667944
6667056
6667480
6666408
6668160
6666432
6667464
6667488
6666888
6667160
6667384
6667136
6667480
6667784
6667032
6667104
6667624
6667136
6667352
6667000
6667512
6667160
6666648
6667168
6667808
6666672
6667352
6667168
6667000
6667864
6667136
6667512
6667192
6666864
6667568
6667456
6667192
6667240
6666432
6667920
6667328
6667264
6666920
6667112
6666920
6668080
6666968
6666784
6667728
6667520
6666888
6667112
6667568
6666648
6667592
6667648
6667056
6667376
6667112
6667184
6667624
6666456
6667760
6666976
6667000
6667672
6666976
6667808
6666512
6667976
6667056
6666888
6666896
6667696
6667032
6667944
6666408
6668104
6667112
6666752
6666952
6668048
6667136
6667328
6666704
6667320
6667032
6667648
6666808
6667216
6667864
6666864
6667272
6667328
6667104
6667760
6666944
6667648
6666704
6667488
6667400
6667464
6666920
6666672
6667248
6667216
6668024
6666808
6666976
6667704
6667536
6666432
6667624
6666920
6668056
6666376
6667488
6667056
6668024
6666784
6667136
6667136
6667752
6667216
6667408
6666624
6667512
6667000
6667376
6667464
6666944
6667648
6666944
6666840
6667240
6667544
6667488
6666864
6667080
6667704
6667296
6666864
6667672
6667000
6667168
6668000
6667160
6667160
6667000
6667544
6667240
6667080
6667168
6666944
6667760
6666912
6667352
6666976
6667000
6668024
6667056
6667328
6666728
6667752
6666648
6668000
6666736
6667784
6666456
6668024
6666680
6667488
6667320
6667056
6666944
6667784
6667216
6667032
6666968
6667032
6667728
6667536
6666784
6667680
6667216
6667056
6666784
6667592
6667104
6667304
6667160
6667512
6666784
6667808
6666952
6667432
6666728
6667320
6667488
6667032
6667320
6667624
6667024
6667328
6667080
6667512
6667112
6667000
6667240
6667376
6667896
6666408
6668000
6667048
6667000
6667488
6667112
6667696
6666352
6667864
6666600
6667840
6667080
6667000
6667784
6666944
6667024
6667168
6668024
6666728
6667680
6667352
6666320
6667944
6666920
6667760
6667136
6667216
6666512
6667488
6666968
6667816
6666648
6667568
6667616
6666648
6667952
6666456
6667272
6667728
6667216
6666976
6667104
6667488
6667512
6667488
6667056
6666920
6667456
6667112
6666944
6667352
6667536
6667192
6667704
6666784
6667456
6666896
6667672
6666840
6667056
6668024
6667024
6667464
6667024
6666896
6667592
6667408
6667104
6666920
6666920
6667896
6667080
6667320
6667056
6666840
6667808
6666672
6667736
6667352
6666784
6667160
6668056
6666432
6667432
6667888
6667160
6667192
6667328
6666752
6667192
6667328
6667240
6667272
6667240
6667296
6667272
6667056
6667320
6667760
6667240
6667216
6667216
6666816
6667104
6667680
6666672
6667728
6667000
6667432
6667112
6667216
6667808
6666976
6667080
6667408
6667024
6667056
6667624
6667104
6667728
6666488
6667408
6667080
6667840
6667216
6666784
6667240
6667488
6667432
6666840
6667648
6667376
6666704
6667432
6667592
6666408
6667432
6667456
6667192
6667432
6667544
6666808
6667296
6667408
6667000
6667784
6667184
6666408
6667808
6667168
6667568
6666648
6667136
6667216
6667216
6667320
6667296
6667408
6667080
6667080
6668168
6667000
6666568
6667432
6667376
6667648
6667296
6667160
6667032
6666840
6667160
6667488
6667920
6667104
6666896
6666888
6668056
6666536
6667080
6667328
6668080
6667160
6666872
6667216
6666784
6667240
6668056
6666704
6667912
6667168
6666480
6667224
6667512
6667648
6667104
6666840
6667456
6667168
6667048
6667488
6667432
6667544
6667320
6666328
6668080
6666808
6667168
6667352
6667048
6667056
6667896
6667000
6667400
6666624
6668000
6667296
6666680
6667752
6667384
6667160
6667080
6667408
6666672
6667464
6667592
6666840
6667128
6667464
6667568
6666920
6667000
6667536
6666736
6667456
6667896
6667240
6666648
6666944
6668080
6666920
6667272
6666864
6667328
6667592
6667352
6666648
6667296
6667568
6667136
6667784
6667296
6666408
6668080
6666784
6667512
6666784
6667864
6667056
6667432
6667080
6667160
6667216
6667568
6666544
6667488
6667320
6667432
6666680
6667512
6667000
6667888
6666624
6667544
6666752
6667192
6667704
6667784
6667216
6666376
6667784
6667192
6666864
6667888
6667112
6667104
6667512
6666784
6667248
6667488
6667480
6667000
6667032
6666944
6667160
6667272
6667592
6666976
6668056
6666672
6667840
6666896
6666808
6667512
6667704
6666568
6667808
6667432
6666704
6667000
6667160
6667168
6667568
6667568
6667000
6666832
6668216
6667032
6666784
6667240
6667840
6666808
6667160
6667648
6666568
6668032
6666568
6668000
6666784
6667024
6666976
6667920
6667400
6667080
6667168
6666672
6667512
6667000
6667680
6667488
6667240
6666784
6667648
6666592
6667864
6667488
6667032
6667432
6667216
6667320
6666976
6667024
6666952
6667944
6666616
6667352
6667952
6666536
6667544
6667568
6667320
6666920
6667000
6667728
6667032
6667240
6666728
6667488
6667544
6667080
6667488
6666888
6667648
6666944
6667624
6667112
6667400
6666840
6667024
6667568
6666872
6667080
6668024
6667328
6666512
6667592
6667512
6666784
6667032
6667216
6668000
6666864
6667104
6667512
6666872
6667536
6667136
6667488
6667272
6666888
6667272
6666976
6668024
6666976
6667000
6667776
6666704
6667384
6667136
6667080
6667944
6666408
6667832
6667512
6667008
6667024
6667240
6667488
6667328
6667104
6667544
6667080
5558912
5559032
5559784
6670568
5559968
5559080
5559568
6670624
5559160
5560032
5559160
6671024
5558784
5559216
6672032
5559216
5559048
5559624
5559000
6670488
5559592
5559296
6671408
5558840
5560192
5559184
5558784
6671784
5558464
5559184
6671488
5559648
5558728
5559648
5559784
6670248
5559352
5559672
6670944
5559840
5559432
5558648
5559216
6671384
5559296
5559864
5558920
6670752
5560000
5559032
5559456
5558784
5559808
6671000
5558896
6671432
5559376
5559248
5559432
6671160
5559112
5559024
6671920
5559320
5559032
5558832
5559432
6671488
5559216
5559328
5559104
6671304
5559128
5559408
5559544
5558728
6671320
5559136
5560032
6670728
5559728
5558944
5559032
6671104
5559976
5558704
5559216
5559616
6671088
5559240
5559760
6670376
5559512
5559680
5558728
5559832
6671352
5559272
5558568
5560192
6671024
5558840
5559456
6670704
5559328
5559240
5560192
5558864
6671512
5558648
5559464
5559808
6671000
5559272
5558752
5559352
6671352
5559544
5558968
5559488
6671080
5558976
5559944
5558680
6671376
5560000
5558432
5559408
6671400
5559216
5559816
5558648
6671400
5559304
5558912
5559440
6671160
5559648
5559104
5559840
6671024
5559000
5558976
5559272
6671944
5558760
5558968
5559784
6671408
5559056
5558832
5560216
6670760
5559544
5559048
5559056
6670840
5559728
5559704
5559000
6670808
5559784
5559112
5559568
6671352
5558512
5559160
5560216
6670704
5559544
5559536
5559136
6670376
5560032
5558968
5559624
6671136
5558728
5560056
5558752
6671704
5558840
5559624
5559000
6670920
5559568
5559512
5558968
6671272
5559000
5559760
5558832
5559248
5559512
6671648
5558760
5559296
6671592
5559512
5558784
6670816
5559968
5558784
5559248
6671568
5559400
5559032
5559024
5560056
6671160
5559080
5559600
6670648
5559480
5559352
5559112
5559568
6671160
5559296
5559352
5559080
6671168
5558808
5559624
5559568
6671432
5558376
5559840
6671184
5559032
5559536
5558736
6671912
5559432
5558464
5559456
6671680
5559352
5558752
5560000
6670920
5558920
5559080
5559944
5558952
6671080
5559920
5558728
6671432
5559592
5558512
5559352
5559328
6671488
5559432
5558808
5559192
6671864
5558592
5559272
6671648
5558784
6672024
5559056
5559160
6671488
5558600
5559808
5558760
6671752
5559216
5558808
5559760
6670920
5559432
5559000
5560000
6671056
5559352
5558888
5559296
6671704
5559168
5558864
5559160
6671568
5559000
5559568
5558832
6671136
5559248
5559240
5559760
6671456
5559000
5559136
5559896
6670968
5559328
5559240
5558728
6671624
5559160
5559464
5558728
6671272
5559240
5559976
5558968
6671600
5559296
5559080
6671240
5558760
5559568
5559456
5559000
6671192
5559760
5559080
5559512
6670568
5560104
5558816
5559456
6671408
5559160
5559432
5558704
5559376
6671600
5559400
5559352
6670296
5559248
5559592
5559432
6671112
5559480
5558760
5559544
6671784
5558432
5559512
5559888
5559112
5558888
6671216
5559432
6671624
5558784
5559568
5558944
6671136
5559512
5559624
5559056
6670672
5559328
5559568
5559080
6671456
5559056
5559544
5558888
6671784
5559272
6670704
5559216
5559536
6671192
5559240
5559544
6671296
5559296
5559112
5559784
5558432
6671352
5559808
5558592
5559432
6671896
5558592
5559464
5559832
6670248
5559944
5559352
5559456
6670736
5559296
5559648
6671024
5559056
6671488
5559432
5559376
6670296
5559816
5559568
6670592
5559056
5559808
5559056
6671160
5559000
5559544
5559616
6670760
5559728
5559624
5558704
5559888
6671056
5559408
5559136
5559376
6671024
5558568
5559600
6670864
5560184
5558600
5559616
6671032
5559592
5559080
5559760
5558944
6671216
5559512
5558816
5559048
6671520
5559240
5559864
5558432
6671896
5558888
5559544
6671264
5558760
5559080
5563864
5555680
6670672
5559704
5558592
6671648
5559248
6671456
5559408
5559272
6671184
5558840
5559704
6670920
5559400
5559464
5558920
5559352
6671216
5559456
5558976
5559400
6670872
5559672
5559024
5559520
6671264
5558736
5559432
5559000
6671592
5559024
5559920
6671352
5558760
5559048
5559896
5558944
6671032
5559400
5558976
5560056
6670616
5559544
5559240
5559544
6670704
5559240
5559728
5559520
5558992
5559032
6671160
5559248
6671616
5558760
5559296
5559296
6671784
5559080
5559192
5559432
6671488
5558568
5559888
5559408
6671240
5559296
5559032
5558808
6671512
5559112
5559648
5558976
6671264
5559352
5558816
5560216
5558456
5559840
6671216
5558840
6671080
5559536
5559840
5559160
6670704
5559920
5559296
5558488
6671920
5559320
5558736
5559536
6670624
5560024
5559168
5559136
5559560
6671216
5558568
5559272
5559728
6671408
5559376
5559408
5559136
6671320
5558600
5560024
5558376
6671920
5558680
5559488
5559968
6671080
5559248
5559216
5558536
6671648
5559568
5558816
5559784
6671296
5558752
5559624
5558760
6671432
5559648
5558624
6671672
5558840
5559672
5559728
6670816
5559160
5559728
5559112
5558784
6671160
5560000
5558568
5559456
6671000
5559600
5559264
5559784
6670656
5559808
5558672
5559544
6671488
5559000
5558968
5559864
6671384
5558784
5559536
5559384
6670616
5559384
5559912
5558952
6670752
5559216
5559784
5558864
6671976
5558648
5559272
5559104
6671760
5559376
5558920
5559352
6671000
5559056
5559512
6671864
5559328
5558728
5559808
6671056
5559408
6670568
5559784
5558808
5559352
5559648
6670888
5559544
6671216
5559192
5559320
5559080
6671384
5559352
5558832
5559864
6670784
5559648
5559112
5559512
6670728
5559248
5559376
5559728
6671216
5558784
5559328
5559136
6671160
5559728
5558648
5559512
6671168
5559160
5560160
5559296
6670568
5559600
5559320
5559600
6670536
5559432
5559432
5559544
6670536
5559680
5559456
5558920
5559568
6671352
5559000
5559000
6671864
5558760
5559000
5559944
6671216
5558864
5559728
5558568
5560000
6671032
5559616
5559000
5559304
6670808
5559488
5558968
5559408
6671624
5559432
5559080
6670536
5559656
5558968
5559296
5559328
6671888
5559352
5559432
5558624
6670888
5559736
5559616
5558600
6671456
5559328
5559216
6670944
5559624
5559568
5559432
5558752
6671384
5559536
5559216
5559568
6670920
5558920
5559704
5558752
6671544
5559160
5559840
5558376
6671624
5559752
5558384
5559456
6671080
5559248
5560184
5559000
6670520
5559752
5559000
5559192
6671864
5558648
5559216
6671376
5559408
5559296
6671296
5559784
6670216
5559568
5559352
5559136
6671728
5558704
5559464
5559784
6671264
5558920
5559032
5559784
6671000
5559080
5559616
5559408
6671080
5559080
5559384
5558784
6671832
5559488
5559000
5558896
6671480
5559464
5558648
5559536
6671520
5559432
5559024
5559328
6670728
5559376
5559464
5559752
6670624
5559272
5559296
5559944
6670464
5559776
5558952
6671320
5559432
5559296
6670920
5559600
6670592
5559840
5558968
5559488
6670840
5560104
5559112
5558808
6671216
5559704
5559032
5559592
6670672
5559488
6671568
5559328
6670592
5559056
5559648
6670968
5559648
5558840
5559328
5559536
6671296
5559568
5558544
5560024
6670544
5559944
5559192
5559000
6671512
5558840
5559320
5559568
6670680
5559320
5560056
5559104
6670520
5559512
5559968
5558784
6671656
5558512
5560080
6671080
5559328
5558512
5560000
5558832
6671544
5559568
5558592
5559408
